image: gongtu.pgm
resolution: 0.050000
origin: [-3.255212, -1.288622, 0.000000]
negate: 0
occupied_thresh: 0.65
free_thresh: 0.196

